title,description,source,published_at,url,content,sentiment_score,sentiment_label,subjectivity,symbol
Market Watch: AAPL Trading Volumes Surge,Trading activity in AAPL has increased significantly this week.,Seeking Alpha,2025-12-02 11:22:14.030696,https://example.com/news/aapl-6,Trading activity in AAPL has increased significantly this week. Full analysis of AAPL's market position and outlook.,0.375,positive,0.875,AAPL
AAPL Announces Restructuring Plan,AAPL is implementing cost-cutting measures to improve margins.,Financial Times,2025-12-01 15:22:14.030686,https://example.com/news/aapl-5,AAPL is implementing cost-cutting measures to improve margins. Full analysis of AAPL's market position and outlook.,0.0,neutral,0.0,AAPL
AAPL Expands into New Markets,AAPL announces strategic expansion into emerging markets.,Yahoo Finance,2025-12-01 12:22:14.030702,https://example.com/news/aapl-7,AAPL announces strategic expansion into emerging markets. Full analysis of AAPL's market position and outlook.,0.13636363636363635,positive,0.45454545454545453,AAPL
Analysts Upgrade AAPL Stock Rating,Major investment banks have raised their price targets for AAPL.,The Wall Street Journal,2025-12-01 00:22:14.030650,https://example.com/news/aapl-2,Major investment banks have raised their price targets for AAPL. Full analysis of AAPL's market position and outlook.,0.0625,neutral,0.5,AAPL
AAPL Stock Drops Amid Market Concerns,AAPL shares fell following broader market uncertainty.,Financial Times,2025-11-30 22:22:14.030739,https://example.com/news/aapl-14,AAPL shares fell following broader market uncertainty. Full analysis of AAPL's market position and outlook.,0.0,neutral,0.1,AAPL
AAPL Faces Regulatory Scrutiny,Regulators are investigating AAPL's business practices.,Bloomberg,2025-11-30 15:22:14.030662,https://example.com/news/aapl-3,Regulators are investigating AAPL's business practices. Full analysis of AAPL's market position and outlook.,0.0,neutral,0.0,AAPL
Industry Report: AAPL Leads Sector,AAPL maintains market leadership position in its industry.,Barron's,2025-11-30 09:22:14.030761,https://example.com/news/aapl-19,AAPL maintains market leadership position in its industry. Full analysis of AAPL's market position and outlook.,0.0,neutral,0.0,AAPL
AAPL Faces Regulatory Scrutiny,Regulators are investigating AAPL's business practices.,Yahoo Finance,2025-11-29 12:22:14.030734,https://example.com/news/aapl-13,Regulators are investigating AAPL's business practices. Full analysis of AAPL's market position and outlook.,0.0,neutral,0.0,AAPL
AAPL Reports Strong Quarterly Earnings,AAPL exceeded analyst expectations with robust revenue growth.,MarketWatch,2025-11-29 09:22:14.030720,https://example.com/news/aapl-10,AAPL exceeded analyst expectations with robust revenue growth. Full analysis of AAPL's market position and outlook.,0.43333333333333335,positive,0.7333333333333334,AAPL
Market Watch: AAPL Trading Volumes Surge,Trading activity in AAPL has increased significantly this week.,Bloomberg,2025-11-29 06:22:14.030747,https://example.com/news/aapl-16,Trading activity in AAPL has increased significantly this week. Full analysis of AAPL's market position and outlook.,0.375,positive,0.875,AAPL
AAPL Announces New Product Line,AAPL unveiled innovative products expected to drive future growth.,Reuters,2025-11-29 03:22:14.030725,https://example.com/news/aapl-11,AAPL unveiled innovative products expected to drive future growth. Full analysis of AAPL's market position and outlook.,0.1340909090909091,positive,0.4948863636363636,AAPL
AAPL CEO Discusses Future Strategy,Leadership outlines growth plans and strategic priorities.,Reuters,2025-11-29 00:22:14.030707,https://example.com/news/aapl-8,Leadership outlines growth plans and strategic priorities. Full analysis of AAPL's market position and outlook.,0.0,neutral,0.125,AAPL
AAPL Expands into New Markets,AAPL announces strategic expansion into emerging markets.,Bloomberg,2025-11-28 10:22:14.030752,https://example.com/news/aapl-17,AAPL announces strategic expansion into emerging markets. Full analysis of AAPL's market position and outlook.,0.13636363636363635,positive,0.45454545454545453,AAPL
AAPL Reports Strong Quarterly Earnings,AAPL exceeded analyst expectations with robust revenue growth.,Barron's,2025-11-28 10:22:14.030612,https://example.com/news/aapl-0,AAPL exceeded analyst expectations with robust revenue growth. Full analysis of AAPL's market position and outlook.,0.43333333333333335,positive,0.7333333333333334,AAPL
AAPL Announces New Product Line,AAPL unveiled innovative products expected to drive future growth.,Reuters,2025-11-28 06:22:14.030635,https://example.com/news/aapl-1,AAPL unveiled innovative products expected to drive future growth. Full analysis of AAPL's market position and outlook.,0.1340909090909091,positive,0.4948863636363636,AAPL
AAPL Stock Drops Amid Market Concerns,AAPL shares fell following broader market uncertainty.,Financial Times,2025-11-28 02:22:14.030675,https://example.com/news/aapl-4,AAPL shares fell following broader market uncertainty. Full analysis of AAPL's market position and outlook.,0.0,neutral,0.1,AAPL
Industry Report: AAPL Leads Sector,AAPL maintains market leadership position in its industry.,Seeking Alpha,2025-11-25 21:22:14.030716,https://example.com/news/aapl-9,AAPL maintains market leadership position in its industry. Full analysis of AAPL's market position and outlook.,0.0,neutral,0.0,AAPL
AAPL Announces Restructuring Plan,AAPL is implementing cost-cutting measures to improve margins.,Yahoo Finance,2025-11-25 18:22:14.030743,https://example.com/news/aapl-15,AAPL is implementing cost-cutting measures to improve margins. Full analysis of AAPL's market position and outlook.,0.0,neutral,0.0,AAPL
AAPL CEO Discusses Future Strategy,Leadership outlines growth plans and strategic priorities.,Seeking Alpha,2025-11-25 17:22:14.030756,https://example.com/news/aapl-18,Leadership outlines growth plans and strategic priorities. Full analysis of AAPL's market position and outlook.,0.0,neutral,0.125,AAPL
Analysts Upgrade AAPL Stock Rating,Major investment banks have raised their price targets for AAPL.,Barron's,2025-11-25 12:22:14.030730,https://example.com/news/aapl-12,Major investment banks have raised their price targets for AAPL. Full analysis of AAPL's market position and outlook.,0.0625,neutral,0.5,AAPL
MSFT Reports Strong Quarterly Earnings,MSFT exceeded analyst expectations with robust revenue growth.,Bloomberg,2025-12-02 11:22:14.070401,https://example.com/news/msft-0,MSFT exceeded analyst expectations with robust revenue growth. Full analysis of MSFT's market position and outlook.,0.43333333333333335,positive,0.7333333333333334,MSFT
Industry Report: MSFT Leads Sector,MSFT maintains market leadership position in its industry.,Barron's,2025-12-01 16:22:14.070500,https://example.com/news/msft-19,MSFT maintains market leadership position in its industry. Full analysis of MSFT's market position and outlook.,0.0,neutral,0.0,MSFT
Market Watch: MSFT Trading Volumes Surge,Trading activity in MSFT has increased significantly this week.,Barron's,2025-12-01 06:22:14.070487,https://example.com/news/msft-16,Trading activity in MSFT has increased significantly this week. Full analysis of MSFT's market position and outlook.,0.375,positive,0.875,MSFT
MSFT Announces Restructuring Plan,MSFT is implementing cost-cutting measures to improve margins.,Reuters,2025-11-30 19:22:14.070437,https://example.com/news/msft-5,MSFT is implementing cost-cutting measures to improve margins. Full analysis of MSFT's market position and outlook.,0.0,neutral,0.0,MSFT
MSFT Announces New Product Line,MSFT unveiled innovative products expected to drive future growth.,Barron's,2025-11-30 06:22:14.070415,https://example.com/news/msft-1,MSFT unveiled innovative products expected to drive future growth. Full analysis of MSFT's market position and outlook.,0.1340909090909091,positive,0.4948863636363636,MSFT
MSFT Expands into New Markets,MSFT announces strategic expansion into emerging markets.,Barron's,2025-11-30 01:22:14.070492,https://example.com/news/msft-17,MSFT announces strategic expansion into emerging markets. Full analysis of MSFT's market position and outlook.,0.13636363636363635,positive,0.45454545454545453,MSFT
MSFT Faces Regulatory Scrutiny,Regulators are investigating MSFT's business practices.,Financial Times,2025-11-28 21:22:14.070427,https://example.com/news/msft-3,Regulators are investigating MSFT's business practices. Full analysis of MSFT's market position and outlook.,0.0,neutral,0.0,MSFT
MSFT Stock Drops Amid Market Concerns,MSFT shares fell following broader market uncertainty.,Bloomberg,2025-11-28 10:22:14.070432,https://example.com/news/msft-4,MSFT shares fell following broader market uncertainty. Full analysis of MSFT's market position and outlook.,0.0,neutral,0.1,MSFT
MSFT CEO Discusses Future Strategy,Leadership outlines growth plans and strategic priorities.,Barron's,2025-11-28 08:22:14.070451,https://example.com/news/msft-8,Leadership outlines growth plans and strategic priorities. Full analysis of MSFT's market position and outlook.,0.0,neutral,0.125,MSFT
MSFT Stock Drops Amid Market Concerns,MSFT shares fell following broader market uncertainty.,Bloomberg,2025-11-27 20:22:14.070478,https://example.com/news/msft-14,MSFT shares fell following broader market uncertainty. Full analysis of MSFT's market position and outlook.,0.0,neutral,0.1,MSFT
MSFT CEO Discusses Future Strategy,Leadership outlines growth plans and strategic priorities.,Reuters,2025-11-27 15:22:14.070496,https://example.com/news/msft-18,Leadership outlines growth plans and strategic priorities. Full analysis of MSFT's market position and outlook.,0.0,neutral,0.125,MSFT
Market Watch: MSFT Trading Volumes Surge,Trading activity in MSFT has increased significantly this week.,Bloomberg,2025-11-27 11:22:14.070441,https://example.com/news/msft-6,Trading activity in MSFT has increased significantly this week. Full analysis of MSFT's market position and outlook.,0.375,positive,0.875,MSFT
Industry Report: MSFT Leads Sector,MSFT maintains market leadership position in its industry.,MarketWatch,2025-11-26 07:22:14.070456,https://example.com/news/msft-9,MSFT maintains market leadership position in its industry. Full analysis of MSFT's market position and outlook.,0.0,neutral,0.0,MSFT
MSFT Faces Regulatory Scrutiny,Regulators are investigating MSFT's business practices.,Financial Times,2025-11-26 06:22:14.070474,https://example.com/news/msft-13,Regulators are investigating MSFT's business practices. Full analysis of MSFT's market position and outlook.,0.0,neutral,0.0,MSFT
MSFT Announces New Product Line,MSFT unveiled innovative products expected to drive future growth.,MarketWatch,2025-11-25 23:22:14.070465,https://example.com/news/msft-11,MSFT unveiled innovative products expected to drive future growth. Full analysis of MSFT's market position and outlook.,0.1340909090909091,positive,0.4948863636363636,MSFT
MSFT Reports Strong Quarterly Earnings,MSFT exceeded analyst expectations with robust revenue growth.,Reuters,2025-11-25 04:22:14.070461,https://example.com/news/msft-10,MSFT exceeded analyst expectations with robust revenue growth. Full analysis of MSFT's market position and outlook.,0.43333333333333335,positive,0.7333333333333334,MSFT
Analysts Upgrade MSFT Stock Rating,Major investment banks have raised their price targets for MSFT.,Bloomberg,2025-11-25 03:22:14.070422,https://example.com/news/msft-2,Major investment banks have raised their price targets for MSFT. Full analysis of MSFT's market position and outlook.,0.0625,neutral,0.5,MSFT
MSFT Announces Restructuring Plan,MSFT is implementing cost-cutting measures to improve margins.,Reuters,2025-11-25 01:22:14.070483,https://example.com/news/msft-15,MSFT is implementing cost-cutting measures to improve margins. Full analysis of MSFT's market position and outlook.,0.0,neutral,0.0,MSFT
MSFT Expands into New Markets,MSFT announces strategic expansion into emerging markets.,Seeking Alpha,2025-11-24 20:22:14.070446,https://example.com/news/msft-7,MSFT announces strategic expansion into emerging markets. Full analysis of MSFT's market position and outlook.,0.13636363636363635,positive,0.45454545454545453,MSFT
Analysts Upgrade MSFT Stock Rating,Major investment banks have raised their price targets for MSFT.,The Wall Street Journal,2025-11-24 19:22:14.070469,https://example.com/news/msft-12,Major investment banks have raised their price targets for MSFT. Full analysis of MSFT's market position and outlook.,0.0625,neutral,0.5,MSFT
GOOGL Expands into New Markets,GOOGL announces strategic expansion into emerging markets.,Financial Times,2025-12-02 12:22:14.081247,https://example.com/news/googl-17,GOOGL announces strategic expansion into emerging markets. Full analysis of GOOGL's market position and outlook.,0.13636363636363635,positive,0.45454545454545453,GOOGL
GOOGL Expands into New Markets,GOOGL announces strategic expansion into emerging markets.,The Wall Street Journal,2025-12-02 04:22:14.081168,https://example.com/news/googl-7,GOOGL announces strategic expansion into emerging markets. Full analysis of GOOGL's market position and outlook.,0.13636363636363635,positive,0.45454545454545453,GOOGL
GOOGL Announces Restructuring Plan,GOOGL is implementing cost-cutting measures to improve margins.,The Wall Street Journal,2025-12-01 16:22:14.081152,https://example.com/news/googl-5,GOOGL is implementing cost-cutting measures to improve margins. Full analysis of GOOGL's market position and outlook.,0.0,neutral,0.0,GOOGL
Market Watch: GOOGL Trading Volumes Surge,Trading activity in GOOGL has increased significantly this week.,CNBC,2025-12-01 02:22:14.081239,https://example.com/news/googl-16,Trading activity in GOOGL has increased significantly this week. Full analysis of GOOGL's market position and outlook.,0.375,positive,0.875,GOOGL
Industry Report: GOOGL Leads Sector,GOOGL maintains market leadership position in its industry.,Yahoo Finance,2025-11-30 05:22:14.081183,https://example.com/news/googl-9,GOOGL maintains market leadership position in its industry. Full analysis of GOOGL's market position and outlook.,0.0,neutral,0.0,GOOGL
Analysts Upgrade GOOGL Stock Rating,Major investment banks have raised their price targets for GOOGL.,Financial Times,2025-11-29 23:22:14.081205,https://example.com/news/googl-12,Major investment banks have raised their price targets for GOOGL. Full analysis of GOOGL's market position and outlook.,0.0625,neutral,0.5,GOOGL
GOOGL Announces New Product Line,GOOGL unveiled innovative products expected to drive future growth.,CNBC,2025-11-29 08:22:14.081113,https://example.com/news/googl-1,GOOGL unveiled innovative products expected to drive future growth. Full analysis of GOOGL's market position and outlook.,0.1340909090909091,positive,0.4948863636363636,GOOGL
GOOGL Faces Regulatory Scrutiny,Regulators are investigating GOOGL's business practices.,MarketWatch,2025-11-29 04:22:14.081134,https://example.com/news/googl-3,Regulators are investigating GOOGL's business practices. Full analysis of GOOGL's market position and outlook.,0.0,neutral,0.0,GOOGL
GOOGL CEO Discusses Future Strategy,Leadership outlines growth plans and strategic priorities.,Yahoo Finance,2025-11-28 13:22:14.081252,https://example.com/news/googl-18,Leadership outlines growth plans and strategic priorities. Full analysis of GOOGL's market position and outlook.,0.0,neutral,0.125,GOOGL
GOOGL Reports Strong Quarterly Earnings,GOOGL exceeded analyst expectations with robust revenue growth.,Financial Times,2025-11-27 22:22:14.081102,https://example.com/news/googl-0,GOOGL exceeded analyst expectations with robust revenue growth. Full analysis of GOOGL's market position and outlook.,0.43333333333333335,positive,0.7333333333333334,GOOGL
GOOGL CEO Discusses Future Strategy,Leadership outlines growth plans and strategic priorities.,Financial Times,2025-11-26 12:22:14.081175,https://example.com/news/googl-8,Leadership outlines growth plans and strategic priorities. Full analysis of GOOGL's market position and outlook.,0.0,neutral,0.125,GOOGL
Market Watch: GOOGL Trading Volumes Surge,Trading activity in GOOGL has increased significantly this week.,Financial Times,2025-11-26 09:22:14.081160,https://example.com/news/googl-6,Trading activity in GOOGL has increased significantly this week. Full analysis of GOOGL's market position and outlook.,0.375,positive,0.875,GOOGL
GOOGL Announces New Product Line,GOOGL unveiled innovative products expected to drive future growth.,Bloomberg,2025-11-26 07:22:14.081198,https://example.com/news/googl-11,GOOGL unveiled innovative products expected to drive future growth. Full analysis of GOOGL's market position and outlook.,0.1340909090909091,positive,0.4948863636363636,GOOGL
Industry Report: GOOGL Leads Sector,GOOGL maintains market leadership position in its industry.,Barron's,2025-11-26 00:22:14.081257,https://example.com/news/googl-19,GOOGL maintains market leadership position in its industry. Full analysis of GOOGL's market position and outlook.,0.0,neutral,0.0,GOOGL
GOOGL Faces Regulatory Scrutiny,Regulators are investigating GOOGL's business practices.,Reuters,2025-11-25 17:22:14.081213,https://example.com/news/googl-13,Regulators are investigating GOOGL's business practices. Full analysis of GOOGL's market position and outlook.,0.0,neutral,0.0,GOOGL
GOOGL Announces Restructuring Plan,GOOGL is implementing cost-cutting measures to improve margins.,Seeking Alpha,2025-11-25 02:22:14.081229,https://example.com/news/googl-15,GOOGL is implementing cost-cutting measures to improve margins. Full analysis of GOOGL's market position and outlook.,0.0,neutral,0.0,GOOGL
GOOGL Reports Strong Quarterly Earnings,GOOGL exceeded analyst expectations with robust revenue growth.,The Wall Street Journal,2025-11-25 02:22:14.081190,https://example.com/news/googl-10,GOOGL exceeded analyst expectations with robust revenue growth. Full analysis of GOOGL's market position and outlook.,0.43333333333333335,positive,0.7333333333333334,GOOGL
Analysts Upgrade GOOGL Stock Rating,Major investment banks have raised their price targets for GOOGL.,Bloomberg,2025-11-25 00:22:14.081120,https://example.com/news/googl-2,Major investment banks have raised their price targets for GOOGL. Full analysis of GOOGL's market position and outlook.,0.0625,neutral,0.5,GOOGL
GOOGL Stock Drops Amid Market Concerns,GOOGL shares fell following broader market uncertainty.,CNBC,2025-11-24 21:22:14.081221,https://example.com/news/googl-14,GOOGL shares fell following broader market uncertainty. Full analysis of GOOGL's market position and outlook.,0.0,neutral,0.1,GOOGL
GOOGL Stock Drops Amid Market Concerns,GOOGL shares fell following broader market uncertainty.,Reuters,2025-11-24 16:22:14.081144,https://example.com/news/googl-4,GOOGL shares fell following broader market uncertainty. Full analysis of GOOGL's market position and outlook.,0.0,neutral,0.1,GOOGL
Analysts Upgrade AMZN Stock Rating,Major investment banks have raised their price targets for AMZN.,Reuters,2025-12-02 14:22:14.091117,https://example.com/news/amzn-12,Major investment banks have raised their price targets for AMZN. Full analysis of AMZN's market position and outlook.,0.0625,neutral,0.5,AMZN
AMZN Announces New Product Line,AMZN unveiled innovative products expected to drive future growth.,Seeking Alpha,2025-12-02 08:22:14.091023,https://example.com/news/amzn-1,AMZN unveiled innovative products expected to drive future growth. Full analysis of AMZN's market position and outlook.,0.1340909090909091,positive,0.4948863636363636,AMZN
AMZN Stock Drops Amid Market Concerns,AMZN shares fell following broader market uncertainty.,CNBC,2025-12-02 04:22:14.091055,https://example.com/news/amzn-4,AMZN shares fell following broader market uncertainty. Full analysis of AMZN's market position and outlook.,0.0,neutral,0.1,AMZN
AMZN Expands into New Markets,AMZN announces strategic expansion into emerging markets.,CNBC,2025-11-30 17:22:14.091079,https://example.com/news/amzn-7,AMZN announces strategic expansion into emerging markets. Full analysis of AMZN's market position and outlook.,0.13636363636363635,positive,0.45454545454545453,AMZN
AMZN Faces Regulatory Scrutiny,Regulators are investigating AMZN's business practices.,The Wall Street Journal,2025-11-30 16:22:14.091047,https://example.com/news/amzn-3,Regulators are investigating AMZN's business practices. Full analysis of AMZN's market position and outlook.,0.0,neutral,0.0,AMZN
Market Watch: AMZN Trading Volumes Surge,Trading activity in AMZN has increased significantly this week.,Seeking Alpha,2025-11-30 11:22:14.091151,https://example.com/news/amzn-16,Trading activity in AMZN has increased significantly this week. Full analysis of AMZN's market position and outlook.,0.375,positive,0.875,AMZN
Analysts Upgrade AMZN Stock Rating,Major investment banks have raised their price targets for AMZN.,CNBC,2025-11-30 04:22:14.091036,https://example.com/news/amzn-2,Major investment banks have raised their price targets for AMZN. Full analysis of AMZN's market position and outlook.,0.0625,neutral,0.5,AMZN
Market Watch: AMZN Trading Volumes Surge,Trading activity in AMZN has increased significantly this week.,Yahoo Finance,2025-11-29 20:22:14.091071,https://example.com/news/amzn-6,Trading activity in AMZN has increased significantly this week. Full analysis of AMZN's market position and outlook.,0.375,positive,0.875,AMZN
AMZN Announces Restructuring Plan,AMZN is implementing cost-cutting measures to improve margins.,MarketWatch,2025-11-29 13:22:14.091142,https://example.com/news/amzn-15,AMZN is implementing cost-cutting measures to improve margins. Full analysis of AMZN's market position and outlook.,0.0,neutral,0.0,AMZN
AMZN CEO Discusses Future Strategy,Leadership outlines growth plans and strategic priorities.,Financial Times,2025-11-27 21:22:14.091160,https://example.com/news/amzn-18,Leadership outlines growth plans and strategic priorities. Full analysis of AMZN's market position and outlook.,0.0,neutral,0.125,AMZN
Industry Report: AMZN Leads Sector,AMZN maintains market leadership position in its industry.,CNBC,2025-11-27 16:22:14.091095,https://example.com/news/amzn-9,AMZN maintains market leadership position in its industry. Full analysis of AMZN's market position and outlook.,0.0,neutral,0.0,AMZN
AMZN Announces New Product Line,AMZN unveiled innovative products expected to drive future growth.,Seeking Alpha,2025-11-27 10:22:14.091110,https://example.com/news/amzn-11,AMZN unveiled innovative products expected to drive future growth. Full analysis of AMZN's market position and outlook.,0.1340909090909091,positive,0.4948863636363636,AMZN
AMZN Reports Strong Quarterly Earnings,AMZN exceeded analyst expectations with robust revenue growth.,Barron's,2025-11-27 08:22:14.091102,https://example.com/news/amzn-10,AMZN exceeded analyst expectations with robust revenue growth. Full analysis of AMZN's market position and outlook.,0.43333333333333335,positive,0.7333333333333334,AMZN
Industry Report: AMZN Leads Sector,AMZN maintains market leadership position in its industry.,Financial Times,2025-11-27 07:22:14.091165,https://example.com/news/amzn-19,AMZN maintains market leadership position in its industry. Full analysis of AMZN's market position and outlook.,0.0,neutral,0.0,AMZN
AMZN Faces Regulatory Scrutiny,Regulators are investigating AMZN's business practices.,The Wall Street Journal,2025-11-26 20:22:14.091125,https://example.com/news/amzn-13,Regulators are investigating AMZN's business practices. Full analysis of AMZN's market position and outlook.,0.0,neutral,0.0,AMZN
AMZN Expands into New Markets,AMZN announces strategic expansion into emerging markets.,Bloomberg,2025-11-26 18:22:14.091156,https://example.com/news/amzn-17,AMZN announces strategic expansion into emerging markets. Full analysis of AMZN's market position and outlook.,0.13636363636363635,positive,0.45454545454545453,AMZN
AMZN Announces Restructuring Plan,AMZN is implementing cost-cutting measures to improve margins.,Seeking Alpha,2025-11-26 09:22:14.091064,https://example.com/news/amzn-5,AMZN is implementing cost-cutting measures to improve margins. Full analysis of AMZN's market position and outlook.,0.0,neutral,0.0,AMZN
AMZN Stock Drops Amid Market Concerns,AMZN shares fell following broader market uncertainty.,MarketWatch,2025-11-26 05:22:14.091133,https://example.com/news/amzn-14,AMZN shares fell following broader market uncertainty. Full analysis of AMZN's market position and outlook.,0.0,neutral,0.1,AMZN
AMZN Reports Strong Quarterly Earnings,AMZN exceeded analyst expectations with robust revenue growth.,CNBC,2025-11-25 13:22:14.091012,https://example.com/news/amzn-0,AMZN exceeded analyst expectations with robust revenue growth. Full analysis of AMZN's market position and outlook.,0.43333333333333335,positive,0.7333333333333334,AMZN
AMZN CEO Discusses Future Strategy,Leadership outlines growth plans and strategic priorities.,Seeking Alpha,2025-11-25 04:22:14.091087,https://example.com/news/amzn-8,Leadership outlines growth plans and strategic priorities. Full analysis of AMZN's market position and outlook.,0.0,neutral,0.125,AMZN
Market Watch: META Trading Volumes Surge,Trading activity in META has increased significantly this week.,Financial Times,2025-12-02 08:22:14.101111,https://example.com/news/meta-6,Trading activity in META has increased significantly this week. Full analysis of META's market position and outlook.,0.375,positive,0.875,META
META Faces Regulatory Scrutiny,Regulators are investigating META's business practices.,MarketWatch,2025-12-02 01:22:14.101085,https://example.com/news/meta-3,Regulators are investigating META's business practices. Full analysis of META's market position and outlook.,0.0,neutral,0.0,META
Analysts Upgrade META Stock Rating,Major investment banks have raised their price targets for META.,Seeking Alpha,2025-11-30 14:22:14.101158,https://example.com/news/meta-12,Major investment banks have raised their price targets for META. Full analysis of META's market position and outlook.,0.0625,neutral,0.5,META
META Announces New Product Line,META unveiled innovative products expected to drive future growth.,The Wall Street Journal,2025-11-29 06:22:14.101151,https://example.com/news/meta-11,META unveiled innovative products expected to drive future growth. Full analysis of META's market position and outlook.,0.1340909090909091,positive,0.4948863636363636,META
META Faces Regulatory Scrutiny,Regulators are investigating META's business practices.,Bloomberg,2025-11-29 05:22:14.101166,https://example.com/news/meta-13,Regulators are investigating META's business practices. Full analysis of META's market position and outlook.,0.0,neutral,0.0,META
META Announces Restructuring Plan,META is implementing cost-cutting measures to improve margins.,Bloomberg,2025-11-28 06:22:14.101184,https://example.com/news/meta-15,META is implementing cost-cutting measures to improve margins. Full analysis of META's market position and outlook.,0.0,neutral,0.0,META
Market Watch: META Trading Volumes Surge,Trading activity in META has increased significantly this week.,MarketWatch,2025-11-27 22:22:14.101194,https://example.com/news/meta-16,Trading activity in META has increased significantly this week. Full analysis of META's market position and outlook.,0.375,positive,0.875,META
META Expands into New Markets,META announces strategic expansion into emerging markets.,Bloomberg,2025-11-27 15:22:14.101199,https://example.com/news/meta-17,META announces strategic expansion into emerging markets. Full analysis of META's market position and outlook.,0.13636363636363635,positive,0.45454545454545453,META
META Reports Strong Quarterly Earnings,META exceeded analyst expectations with robust revenue growth.,Seeking Alpha,2025-11-27 11:22:14.101050,https://example.com/news/meta-0,META exceeded analyst expectations with robust revenue growth. Full analysis of META's market position and outlook.,0.43333333333333335,positive,0.7333333333333334,META
META Expands into New Markets,META announces strategic expansion into emerging markets.,Bloomberg,2025-11-27 04:22:14.101120,https://example.com/news/meta-7,META announces strategic expansion into emerging markets. Full analysis of META's market position and outlook.,0.13636363636363635,positive,0.45454545454545453,META
Industry Report: META Leads Sector,META maintains market leadership position in its industry.,Yahoo Finance,2025-11-26 19:22:14.101208,https://example.com/news/meta-19,META maintains market leadership position in its industry. Full analysis of META's market position and outlook.,0.0,neutral,0.0,META
META Reports Strong Quarterly Earnings,META exceeded analyst expectations with robust revenue growth.,Reuters,2025-11-26 17:22:14.101143,https://example.com/news/meta-10,META exceeded analyst expectations with robust revenue growth. Full analysis of META's market position and outlook.,0.43333333333333335,positive,0.7333333333333334,META
META CEO Discusses Future Strategy,Leadership outlines growth plans and strategic priorities.,Reuters,2025-11-26 15:22:14.101127,https://example.com/news/meta-8,Leadership outlines growth plans and strategic priorities. Full analysis of META's market position and outlook.,0.0,neutral,0.125,META
META Announces New Product Line,META unveiled innovative products expected to drive future growth.,CNBC,2025-11-26 06:22:14.101061,https://example.com/news/meta-1,META unveiled innovative products expected to drive future growth. Full analysis of META's market position and outlook.,0.1340909090909091,positive,0.4948863636363636,META
META Stock Drops Amid Market Concerns,META shares fell following broader market uncertainty.,Barron's,2025-11-25 11:22:14.101174,https://example.com/news/meta-14,META shares fell following broader market uncertainty. Full analysis of META's market position and outlook.,0.0,neutral,0.1,META
Industry Report: META Leads Sector,META maintains market leadership position in its industry.,Reuters,2025-11-25 06:22:14.101135,https://example.com/news/meta-9,META maintains market leadership position in its industry. Full analysis of META's market position and outlook.,0.0,neutral,0.0,META
Analysts Upgrade META Stock Rating,Major investment banks have raised their price targets for META.,Bloomberg,2025-11-25 03:22:14.101074,https://example.com/news/meta-2,Major investment banks have raised their price targets for META. Full analysis of META's market position and outlook.,0.0625,neutral,0.5,META
META CEO Discusses Future Strategy,Leadership outlines growth plans and strategic priorities.,Bloomberg,2025-11-25 01:22:14.101204,https://example.com/news/meta-18,Leadership outlines growth plans and strategic priorities. Full analysis of META's market position and outlook.,0.0,neutral,0.125,META
META Announces Restructuring Plan,META is implementing cost-cutting measures to improve margins.,Financial Times,2025-11-24 21:22:14.101103,https://example.com/news/meta-5,META is implementing cost-cutting measures to improve margins. Full analysis of META's market position and outlook.,0.0,neutral,0.0,META
META Stock Drops Amid Market Concerns,META shares fell following broader market uncertainty.,MarketWatch,2025-11-24 18:22:14.101095,https://example.com/news/meta-4,META shares fell following broader market uncertainty. Full analysis of META's market position and outlook.,0.0,neutral,0.1,META
NVDA CEO Discusses Future Strategy,Leadership outlines growth plans and strategic priorities.,Yahoo Finance,2025-12-02 04:22:14.111409,https://example.com/news/nvda-18,Leadership outlines growth plans and strategic priorities. Full analysis of NVDA's market position and outlook.,0.0,neutral,0.125,NVDA
NVDA Stock Drops Amid Market Concerns,NVDA shares fell following broader market uncertainty.,The Wall Street Journal,2025-12-01 12:22:14.111302,https://example.com/news/nvda-4,NVDA shares fell following broader market uncertainty. Full analysis of NVDA's market position and outlook.,0.0,neutral,0.1,NVDA
NVDA Faces Regulatory Scrutiny,Regulators are investigating NVDA's business practices.,Bloomberg,2025-12-01 10:22:14.111292,https://example.com/news/nvda-3,Regulators are investigating NVDA's business practices. Full analysis of NVDA's market position and outlook.,0.0,neutral,0.0,NVDA
NVDA Faces Regulatory Scrutiny,Regulators are investigating NVDA's business practices.,CNBC,2025-12-01 08:22:14.111372,https://example.com/news/nvda-13,Regulators are investigating NVDA's business practices. Full analysis of NVDA's market position and outlook.,0.0,neutral,0.0,NVDA
NVDA Announces New Product Line,NVDA unveiled innovative products expected to drive future growth.,Reuters,2025-11-30 07:22:14.111357,https://example.com/news/nvda-11,NVDA unveiled innovative products expected to drive future growth. Full analysis of NVDA's market position and outlook.,0.1340909090909091,positive,0.4948863636363636,NVDA
Industry Report: NVDA Leads Sector,NVDA maintains market leadership position in its industry.,Reuters,2025-11-29 07:22:14.111414,https://example.com/news/nvda-19,NVDA maintains market leadership position in its industry. Full analysis of NVDA's market position and outlook.,0.0,neutral,0.0,NVDA
Analysts Upgrade NVDA Stock Rating,Major investment banks have raised their price targets for NVDA.,MarketWatch,2025-11-29 02:22:14.111364,https://example.com/news/nvda-12,Major investment banks have raised their price targets for NVDA. Full analysis of NVDA's market position and outlook.,0.0625,neutral,0.5,NVDA
Industry Report: NVDA Leads Sector,NVDA maintains market leadership position in its industry.,Barron's,2025-11-28 09:22:14.111341,https://example.com/news/nvda-9,NVDA maintains market leadership position in its industry. Full analysis of NVDA's market position and outlook.,0.0,neutral,0.0,NVDA
NVDA Reports Strong Quarterly Earnings,NVDA exceeded analyst expectations with robust revenue growth.,Seeking Alpha,2025-11-27 23:22:14.111349,https://example.com/news/nvda-10,NVDA exceeded analyst expectations with robust revenue growth. Full analysis of NVDA's market position and outlook.,0.43333333333333335,positive,0.7333333333333334,NVDA
NVDA Announces Restructuring Plan,NVDA is implementing cost-cutting measures to improve margins.,Barron's,2025-11-27 19:22:14.111387,https://example.com/news/nvda-15,NVDA is implementing cost-cutting measures to improve margins. Full analysis of NVDA's market position and outlook.,0.0,neutral,0.0,NVDA
Market Watch: NVDA Trading Volumes Surge,Trading activity in NVDA has increased significantly this week.,Financial Times,2025-11-27 12:22:14.111318,https://example.com/news/nvda-6,Trading activity in NVDA has increased significantly this week. Full analysis of NVDA's market position and outlook.,0.375,positive,0.875,NVDA
NVDA Reports Strong Quarterly Earnings,NVDA exceeded analyst expectations with robust revenue growth.,Seeking Alpha,2025-11-27 05:22:14.111258,https://example.com/news/nvda-0,NVDA exceeded analyst expectations with robust revenue growth. Full analysis of NVDA's market position and outlook.,0.43333333333333335,positive,0.7333333333333334,NVDA
NVDA Stock Drops Amid Market Concerns,NVDA shares fell following broader market uncertainty.,CNBC,2025-11-26 15:22:14.111379,https://example.com/news/nvda-14,NVDA shares fell following broader market uncertainty. Full analysis of NVDA's market position and outlook.,0.0,neutral,0.1,NVDA
NVDA CEO Discusses Future Strategy,Leadership outlines growth plans and strategic priorities.,Bloomberg,2025-11-25 21:22:14.111333,https://example.com/news/nvda-8,Leadership outlines growth plans and strategic priorities. Full analysis of NVDA's market position and outlook.,0.0,neutral,0.125,NVDA
NVDA Announces New Product Line,NVDA unveiled innovative products expected to drive future growth.,Bloomberg,2025-11-25 18:22:14.111270,https://example.com/news/nvda-1,NVDA unveiled innovative products expected to drive future growth. Full analysis of NVDA's market position and outlook.,0.1340909090909091,positive,0.4948863636363636,NVDA
Analysts Upgrade NVDA Stock Rating,Major investment banks have raised their price targets for NVDA.,Seeking Alpha,2025-11-25 16:22:14.111282,https://example.com/news/nvda-2,Major investment banks have raised their price targets for NVDA. Full analysis of NVDA's market position and outlook.,0.0625,neutral,0.5,NVDA
NVDA Expands into New Markets,NVDA announces strategic expansion into emerging markets.,Yahoo Finance,2025-11-25 13:22:14.111326,https://example.com/news/nvda-7,NVDA announces strategic expansion into emerging markets. Full analysis of NVDA's market position and outlook.,0.13636363636363635,positive,0.45454545454545453,NVDA
NVDA Expands into New Markets,NVDA announces strategic expansion into emerging markets.,Barron's,2025-11-25 09:22:14.111404,https://example.com/news/nvda-17,NVDA announces strategic expansion into emerging markets. Full analysis of NVDA's market position and outlook.,0.13636363636363635,positive,0.45454545454545453,NVDA
NVDA Announces Restructuring Plan,NVDA is implementing cost-cutting measures to improve margins.,Seeking Alpha,2025-11-25 02:22:14.111310,https://example.com/news/nvda-5,NVDA is implementing cost-cutting measures to improve margins. Full analysis of NVDA's market position and outlook.,0.0,neutral,0.0,NVDA
Market Watch: NVDA Trading Volumes Surge,Trading activity in NVDA has increased significantly this week.,The Wall Street Journal,2025-11-25 01:22:14.111397,https://example.com/news/nvda-16,Trading activity in NVDA has increased significantly this week. Full analysis of NVDA's market position and outlook.,0.375,positive,0.875,NVDA
TSLA Announces Restructuring Plan,TSLA is implementing cost-cutting measures to improve margins.,MarketWatch,2025-12-02 13:22:14.121355,https://example.com/news/tsla-5,TSLA is implementing cost-cutting measures to improve margins. Full analysis of TSLA's market position and outlook.,0.0,neutral,0.0,TSLA
TSLA Expands into New Markets,TSLA announces strategic expansion into emerging markets.,Reuters,2025-12-02 00:22:14.121450,https://example.com/news/tsla-17,TSLA announces strategic expansion into emerging markets. Full analysis of TSLA's market position and outlook.,0.13636363636363635,positive,0.45454545454545453,TSLA
TSLA CEO Discusses Future Strategy,Leadership outlines growth plans and strategic priorities.,CNBC,2025-12-01 22:22:14.121379,https://example.com/news/tsla-8,Leadership outlines growth plans and strategic priorities. Full analysis of TSLA's market position and outlook.,0.0,neutral,0.125,TSLA
TSLA Announces Restructuring Plan,TSLA is implementing cost-cutting measures to improve margins.,Seeking Alpha,2025-12-01 19:22:14.121435,https://example.com/news/tsla-15,TSLA is implementing cost-cutting measures to improve margins. Full analysis of TSLA's market position and outlook.,0.0,neutral,0.0,TSLA
Industry Report: TSLA Leads Sector,TSLA maintains market leadership position in its industry.,CNBC,2025-12-01 04:22:14.121465,https://example.com/news/tsla-19,TSLA maintains market leadership position in its industry. Full analysis of TSLA's market position and outlook.,0.0,neutral,0.0,TSLA
TSLA Stock Drops Amid Market Concerns,TSLA shares fell following broader market uncertainty.,Yahoo Finance,2025-12-01 02:22:14.121346,https://example.com/news/tsla-4,TSLA shares fell following broader market uncertainty. Full analysis of TSLA's market position and outlook.,0.0,neutral,0.1,TSLA
TSLA Announces New Product Line,TSLA unveiled innovative products expected to drive future growth.,Reuters,2025-11-30 10:22:14.121403,https://example.com/news/tsla-11,TSLA unveiled innovative products expected to drive future growth. Full analysis of TSLA's market position and outlook.,0.1340909090909091,positive,0.4948863636363636,TSLA
TSLA Expands into New Markets,TSLA announces strategic expansion into emerging markets.,Reuters,2025-11-30 00:22:14.121372,https://example.com/news/tsla-7,TSLA announces strategic expansion into emerging markets. Full analysis of TSLA's market position and outlook.,0.13636363636363635,positive,0.45454545454545453,TSLA
Industry Report: TSLA Leads Sector,TSLA maintains market leadership position in its industry.,Financial Times,2025-11-29 14:22:14.121387,https://example.com/news/tsla-9,TSLA maintains market leadership position in its industry. Full analysis of TSLA's market position and outlook.,0.0,neutral,0.0,TSLA
TSLA Reports Strong Quarterly Earnings,TSLA exceeded analyst expectations with robust revenue growth.,Barron's,2025-11-29 00:22:14.121290,https://example.com/news/tsla-0,TSLA exceeded analyst expectations with robust revenue growth. Full analysis of TSLA's market position and outlook.,0.43333333333333335,positive,0.7333333333333334,TSLA
TSLA Faces Regulatory Scrutiny,Regulators are investigating TSLA's business practices.,Seeking Alpha,2025-11-28 15:22:14.121419,https://example.com/news/tsla-13,Regulators are investigating TSLA's business practices. Full analysis of TSLA's market position and outlook.,0.0,neutral,0.0,TSLA
TSLA CEO Discusses Future Strategy,Leadership outlines growth plans and strategic priorities.,The Wall Street Journal,2025-11-28 12:22:14.121458,https://example.com/news/tsla-18,Leadership outlines growth plans and strategic priorities. Full analysis of TSLA's market position and outlook.,0.0,neutral,0.125,TSLA
TSLA Stock Drops Amid Market Concerns,TSLA shares fell following broader market uncertainty.,Seeking Alpha,2025-11-28 04:22:14.121428,https://example.com/news/tsla-14,TSLA shares fell following broader market uncertainty. Full analysis of TSLA's market position and outlook.,0.0,neutral,0.1,TSLA
TSLA Announces New Product Line,TSLA unveiled innovative products expected to drive future growth.,Seeking Alpha,2025-11-28 02:22:14.121308,https://example.com/news/tsla-1,TSLA unveiled innovative products expected to drive future growth. Full analysis of TSLA's market position and outlook.,0.1340909090909091,positive,0.4948863636363636,TSLA
Market Watch: TSLA Trading Volumes Surge,Trading activity in TSLA has increased significantly this week.,The Wall Street Journal,2025-11-28 00:22:14.121443,https://example.com/news/tsla-16,Trading activity in TSLA has increased significantly this week. Full analysis of TSLA's market position and outlook.,0.375,positive,0.875,TSLA
Analysts Upgrade TSLA Stock Rating,Major investment banks have raised their price targets for TSLA.,Barron's,2025-11-27 18:22:14.121324,https://example.com/news/tsla-2,Major investment banks have raised their price targets for TSLA. Full analysis of TSLA's market position and outlook.,0.0625,neutral,0.5,TSLA
Analysts Upgrade TSLA Stock Rating,Major investment banks have raised their price targets for TSLA.,Financial Times,2025-11-27 09:22:14.121411,https://example.com/news/tsla-12,Major investment banks have raised their price targets for TSLA. Full analysis of TSLA's market position and outlook.,0.0625,neutral,0.5,TSLA
TSLA Reports Strong Quarterly Earnings,TSLA exceeded analyst expectations with robust revenue growth.,Seeking Alpha,2025-11-27 05:22:14.121395,https://example.com/news/tsla-10,TSLA exceeded analyst expectations with robust revenue growth. Full analysis of TSLA's market position and outlook.,0.43333333333333335,positive,0.7333333333333334,TSLA
Market Watch: TSLA Trading Volumes Surge,Trading activity in TSLA has increased significantly this week.,MarketWatch,2025-11-26 11:22:14.121363,https://example.com/news/tsla-6,Trading activity in TSLA has increased significantly this week. Full analysis of TSLA's market position and outlook.,0.375,positive,0.875,TSLA
TSLA Faces Regulatory Scrutiny,Regulators are investigating TSLA's business practices.,Bloomberg,2025-11-26 02:22:14.121338,https://example.com/news/tsla-3,Regulators are investigating TSLA's business practices. Full analysis of TSLA's market position and outlook.,0.0,neutral,0.0,TSLA
JPM Expands into New Markets,JPM announces strategic expansion into emerging markets.,MarketWatch,2025-12-02 14:22:14.131797,https://example.com/news/jpm-17,JPM announces strategic expansion into emerging markets. Full analysis of JPM's market position and outlook.,0.13636363636363635,positive,0.45454545454545453,JPM
JPM Announces Restructuring Plan,JPM is implementing cost-cutting measures to improve margins.,Yahoo Finance,2025-12-02 13:22:14.131706,https://example.com/news/jpm-5,JPM is implementing cost-cutting measures to improve margins. Full analysis of JPM's market position and outlook.,0.0,neutral,0.0,JPM
JPM Announces Restructuring Plan,JPM is implementing cost-cutting measures to improve margins.,Bloomberg,2025-12-02 07:22:14.131782,https://example.com/news/jpm-15,JPM is implementing cost-cutting measures to improve margins. Full analysis of JPM's market position and outlook.,0.0,neutral,0.0,JPM
Analysts Upgrade JPM Stock Rating,Major investment banks have raised their price targets for JPM.,Yahoo Finance,2025-11-30 20:22:14.131683,https://example.com/news/jpm-2,Major investment banks have raised their price targets for JPM. Full analysis of JPM's market position and outlook.,0.0625,neutral,0.5,JPM
JPM Faces Regulatory Scrutiny,Regulators are investigating JPM's business practices.,MarketWatch,2025-11-30 19:22:14.131692,https://example.com/news/jpm-3,Regulators are investigating JPM's business practices. Full analysis of JPM's market position and outlook.,0.0,neutral,0.0,JPM
Market Watch: JPM Trading Volumes Surge,Trading activity in JPM has increased significantly this week.,Bloomberg,2025-11-30 17:22:14.131714,https://example.com/news/jpm-6,Trading activity in JPM has increased significantly this week. Full analysis of JPM's market position and outlook.,0.375,positive,0.875,JPM
Analysts Upgrade JPM Stock Rating,Major investment banks have raised their price targets for JPM.,Financial Times,2025-11-30 12:22:14.131759,https://example.com/news/jpm-12,Major investment banks have raised their price targets for JPM. Full analysis of JPM's market position and outlook.,0.0625,neutral,0.5,JPM
JPM Expands into New Markets,JPM announces strategic expansion into emerging markets.,Bloomberg,2025-11-30 08:22:14.131722,https://example.com/news/jpm-7,JPM announces strategic expansion into emerging markets. Full analysis of JPM's market position and outlook.,0.13636363636363635,positive,0.45454545454545453,JPM
JPM Reports Strong Quarterly Earnings,JPM exceeded analyst expectations with robust revenue growth.,CNBC,2025-11-29 01:22:14.131660,https://example.com/news/jpm-0,JPM exceeded analyst expectations with robust revenue growth. Full analysis of JPM's market position and outlook.,0.43333333333333335,positive,0.7333333333333334,JPM
JPM Announces New Product Line,JPM unveiled innovative products expected to drive future growth.,Reuters,2025-11-28 23:22:14.131752,https://example.com/news/jpm-11,JPM unveiled innovative products expected to drive future growth. Full analysis of JPM's market position and outlook.,0.1340909090909091,positive,0.4948863636363636,JPM
JPM CEO Discusses Future Strategy,Leadership outlines growth plans and strategic priorities.,Seeking Alpha,2025-11-28 21:22:14.131729,https://example.com/news/jpm-8,Leadership outlines growth plans and strategic priorities. Full analysis of JPM's market position and outlook.,0.0,neutral,0.125,JPM
Industry Report: JPM Leads Sector,JPM maintains market leadership position in its industry.,Reuters,2025-11-28 10:22:14.131812,https://example.com/news/jpm-19,JPM maintains market leadership position in its industry. Full analysis of JPM's market position and outlook.,0.0,neutral,0.0,JPM
JPM Announces New Product Line,JPM unveiled innovative products expected to drive future growth.,Reuters,2025-11-28 01:22:14.131675,https://example.com/news/jpm-1,JPM unveiled innovative products expected to drive future growth. Full analysis of JPM's market position and outlook.,0.1340909090909091,positive,0.4948863636363636,JPM
Industry Report: JPM Leads Sector,JPM maintains market leadership position in its industry.,CNBC,2025-11-27 21:22:14.131737,https://example.com/news/jpm-9,JPM maintains market leadership position in its industry. Full analysis of JPM's market position and outlook.,0.0,neutral,0.0,JPM
JPM Stock Drops Amid Market Concerns,JPM shares fell following broader market uncertainty.,Bloomberg,2025-11-27 09:22:14.131774,https://example.com/news/jpm-14,JPM shares fell following broader market uncertainty. Full analysis of JPM's market position and outlook.,0.0,neutral,0.1,JPM
JPM Reports Strong Quarterly Earnings,JPM exceeded analyst expectations with robust revenue growth.,Yahoo Finance,2025-11-27 09:22:14.131744,https://example.com/news/jpm-10,JPM exceeded analyst expectations with robust revenue growth. Full analysis of JPM's market position and outlook.,0.43333333333333335,positive,0.7333333333333334,JPM
Market Watch: JPM Trading Volumes Surge,Trading activity in JPM has increased significantly this week.,The Wall Street Journal,2025-11-26 14:22:14.131789,https://example.com/news/jpm-16,Trading activity in JPM has increased significantly this week. Full analysis of JPM's market position and outlook.,0.375,positive,0.875,JPM
JPM Faces Regulatory Scrutiny,Regulators are investigating JPM's business practices.,Financial Times,2025-11-25 10:22:14.131767,https://example.com/news/jpm-13,Regulators are investigating JPM's business practices. Full analysis of JPM's market position and outlook.,0.0,neutral,0.0,JPM
JPM CEO Discusses Future Strategy,Leadership outlines growth plans and strategic priorities.,Bloomberg,2025-11-25 07:22:14.131805,https://example.com/news/jpm-18,Leadership outlines growth plans and strategic priorities. Full analysis of JPM's market position and outlook.,0.0,neutral,0.125,JPM
JPM Stock Drops Amid Market Concerns,JPM shares fell following broader market uncertainty.,Yahoo Finance,2025-11-24 17:22:14.131699,https://example.com/news/jpm-4,JPM shares fell following broader market uncertainty. Full analysis of JPM's market position and outlook.,0.0,neutral,0.1,JPM
Industry Report: V Leads Sector,V maintains market leadership position in its industry.,The Wall Street Journal,2025-12-02 14:22:14.142353,https://example.com/news/v-19,V maintains market leadership position in its industry. Full analysis of V's market position and outlook.,0.0,neutral,0.0,V
V Reports Strong Quarterly Earnings,V exceeded analyst expectations with robust revenue growth.,Barron's,2025-12-02 10:22:14.142284,https://example.com/news/v-10,V exceeded analyst expectations with robust revenue growth. Full analysis of V's market position and outlook.,0.43333333333333335,positive,0.7333333333333334,V
Market Watch: V Trading Volumes Surge,Trading activity in V has increased significantly this week.,Yahoo Finance,2025-12-01 16:22:14.142252,https://example.com/news/v-6,Trading activity in V has increased significantly this week. Full analysis of V's market position and outlook.,0.375,positive,0.875,V
V Stock Drops Amid Market Concerns,V shares fell following broader market uncertainty.,Yahoo Finance,2025-12-01 15:22:14.142236,https://example.com/news/v-4,V shares fell following broader market uncertainty. Full analysis of V's market position and outlook.,0.0,neutral,0.1,V
V Faces Regulatory Scrutiny,Regulators are investigating V's business practices.,MarketWatch,2025-12-01 15:22:14.142228,https://example.com/news/v-3,Regulators are investigating V's business practices. Full analysis of V's market position and outlook.,0.0,neutral,0.0,V
V Announces Restructuring Plan,V is implementing cost-cutting measures to improve margins.,Reuters,2025-11-30 19:22:14.142323,https://example.com/news/v-15,V is implementing cost-cutting measures to improve margins. Full analysis of V's market position and outlook.,0.0,neutral,0.0,V
V Announces Restructuring Plan,V is implementing cost-cutting measures to improve margins.,MarketWatch,2025-11-30 18:22:14.142244,https://example.com/news/v-5,V is implementing cost-cutting measures to improve margins. Full analysis of V's market position and outlook.,0.0,neutral,0.0,V
V Stock Drops Amid Market Concerns,V shares fell following broader market uncertainty.,MarketWatch,2025-11-29 11:22:14.142315,https://example.com/news/v-14,V shares fell following broader market uncertainty. Full analysis of V's market position and outlook.,0.0,neutral,0.1,V
V Reports Strong Quarterly Earnings,V exceeded analyst expectations with robust revenue growth.,MarketWatch,2025-11-29 09:22:14.142189,https://example.com/news/v-0,V exceeded analyst expectations with robust revenue growth. Full analysis of V's market position and outlook.,0.43333333333333335,positive,0.7333333333333334,V
Market Watch: V Trading Volumes Surge,Trading activity in V has increased significantly this week.,Bloomberg,2025-11-29 07:22:14.142330,https://example.com/news/v-16,Trading activity in V has increased significantly this week. Full analysis of V's market position and outlook.,0.375,positive,0.875,V
V Faces Regulatory Scrutiny,Regulators are investigating V's business practices.,MarketWatch,2025-11-29 01:22:14.142308,https://example.com/news/v-13,Regulators are investigating V's business practices. Full analysis of V's market position and outlook.,0.0,neutral,0.0,V
V CEO Discusses Future Strategy,Leadership outlines growth plans and strategic priorities.,The Wall Street Journal,2025-11-27 23:22:14.142345,https://example.com/news/v-18,Leadership outlines growth plans and strategic priorities. Full analysis of V's market position and outlook.,0.0,neutral,0.125,V
V Announces New Product Line,V unveiled innovative products expected to drive future growth.,CNBC,2025-11-27 15:22:14.142292,https://example.com/news/v-11,V unveiled innovative products expected to drive future growth. Full analysis of V's market position and outlook.,0.1340909090909091,positive,0.4948863636363636,V
V Announces New Product Line,V unveiled innovative products expected to drive future growth.,Reuters,2025-11-27 08:22:14.142206,https://example.com/news/v-1,V unveiled innovative products expected to drive future growth. Full analysis of V's market position and outlook.,0.1340909090909091,positive,0.4948863636363636,V
V CEO Discusses Future Strategy,Leadership outlines growth plans and strategic priorities.,Financial Times,2025-11-26 22:22:14.142269,https://example.com/news/v-8,Leadership outlines growth plans and strategic priorities. Full analysis of V's market position and outlook.,0.0,neutral,0.125,V
V Expands into New Markets,V announces strategic expansion into emerging markets.,CNBC,2025-11-26 10:22:14.142260,https://example.com/news/v-7,V announces strategic expansion into emerging markets. Full analysis of V's market position and outlook.,0.13636363636363635,positive,0.45454545454545453,V
Analysts Upgrade V Stock Rating,Major investment banks have raised their price targets for V.,Financial Times,2025-11-25 23:22:14.142300,https://example.com/news/v-12,Major investment banks have raised their price targets for V. Full analysis of V's market position and outlook.,0.0625,neutral,0.5,V
V Expands into New Markets,V announces strategic expansion into emerging markets.,The Wall Street Journal,2025-11-25 16:22:14.142338,https://example.com/news/v-17,V announces strategic expansion into emerging markets. Full analysis of V's market position and outlook.,0.13636363636363635,positive,0.45454545454545453,V
Industry Report: V Leads Sector,V maintains market leadership position in its industry.,Barron's,2025-11-24 21:22:14.142276,https://example.com/news/v-9,V maintains market leadership position in its industry. Full analysis of V's market position and outlook.,0.0,neutral,0.0,V
Analysts Upgrade V Stock Rating,Major investment banks have raised their price targets for V.,Yahoo Finance,2025-11-24 21:22:14.142218,https://example.com/news/v-2,Major investment banks have raised their price targets for V. Full analysis of V's market position and outlook.,0.0625,neutral,0.5,V
JNJ Faces Regulatory Scrutiny,Regulators are investigating JNJ's business practices.,Bloomberg,2025-12-02 06:22:14.152520,https://example.com/news/jnj-13,Regulators are investigating JNJ's business practices. Full analysis of JNJ's market position and outlook.,0.0,neutral,0.0,JNJ
JNJ Expands into New Markets,JNJ announces strategic expansion into emerging markets.,MarketWatch,2025-12-02 05:22:14.152474,https://example.com/news/jnj-7,JNJ announces strategic expansion into emerging markets. Full analysis of JNJ's market position and outlook.,0.13636363636363635,positive,0.45454545454545453,JNJ
Industry Report: JNJ Leads Sector,JNJ maintains market leadership position in its industry.,MarketWatch,2025-12-01 14:22:14.152490,https://example.com/news/jnj-9,JNJ maintains market leadership position in its industry. Full analysis of JNJ's market position and outlook.,0.0,neutral,0.0,JNJ
JNJ Announces New Product Line,JNJ unveiled innovative products expected to drive future growth.,The Wall Street Journal,2025-12-01 00:22:14.152505,https://example.com/news/jnj-11,JNJ unveiled innovative products expected to drive future growth. Full analysis of JNJ's market position and outlook.,0.1340909090909091,positive,0.4948863636363636,JNJ
Analysts Upgrade JNJ Stock Rating,Major investment banks have raised their price targets for JNJ.,The Wall Street Journal,2025-11-30 13:22:14.152513,https://example.com/news/jnj-12,Major investment banks have raised their price targets for JNJ. Full analysis of JNJ's market position and outlook.,0.0625,neutral,0.5,JNJ
JNJ Reports Strong Quarterly Earnings,JNJ exceeded analyst expectations with robust revenue growth.,Bloomberg,2025-11-29 15:22:14.152407,https://example.com/news/jnj-0,JNJ exceeded analyst expectations with robust revenue growth. Full analysis of JNJ's market position and outlook.,0.43333333333333335,positive,0.7333333333333334,JNJ
JNJ Reports Strong Quarterly Earnings,JNJ exceeded analyst expectations with robust revenue growth.,The Wall Street Journal,2025-11-29 11:22:14.152497,https://example.com/news/jnj-10,JNJ exceeded analyst expectations with robust revenue growth. Full analysis of JNJ's market position and outlook.,0.43333333333333335,positive,0.7333333333333334,JNJ
Analysts Upgrade JNJ Stock Rating,Major investment banks have raised their price targets for JNJ.,The Wall Street Journal,2025-11-29 09:22:14.152431,https://example.com/news/jnj-2,Major investment banks have raised their price targets for JNJ. Full analysis of JNJ's market position and outlook.,0.0625,neutral,0.5,JNJ
JNJ Stock Drops Amid Market Concerns,JNJ shares fell following broader market uncertainty.,CNBC,2025-11-28 21:22:14.152528,https://example.com/news/jnj-14,JNJ shares fell following broader market uncertainty. Full analysis of JNJ's market position and outlook.,0.0,neutral,0.1,JNJ
Industry Report: JNJ Leads Sector,JNJ maintains market leadership position in its industry.,Financial Times,2025-11-28 15:22:14.152560,https://example.com/news/jnj-19,JNJ maintains market leadership position in its industry. Full analysis of JNJ's market position and outlook.,0.0,neutral,0.0,JNJ
JNJ CEO Discusses Future Strategy,Leadership outlines growth plans and strategic priorities.,Bloomberg,2025-11-27 04:22:14.152482,https://example.com/news/jnj-8,Leadership outlines growth plans and strategic priorities. Full analysis of JNJ's market position and outlook.,0.0,neutral,0.125,JNJ
JNJ Announces Restructuring Plan,JNJ is implementing cost-cutting measures to improve margins.,Reuters,2025-11-26 23:22:14.152537,https://example.com/news/jnj-15,JNJ is implementing cost-cutting measures to improve margins. Full analysis of JNJ's market position and outlook.,0.0,neutral,0.0,JNJ
JNJ Announces Restructuring Plan,JNJ is implementing cost-cutting measures to improve margins.,Financial Times,2025-11-26 19:22:14.152459,https://example.com/news/jnj-5,JNJ is implementing cost-cutting measures to improve margins. Full analysis of JNJ's market position and outlook.,0.0,neutral,0.0,JNJ
JNJ CEO Discusses Future Strategy,Leadership outlines growth plans and strategic priorities.,Reuters,2025-11-26 12:22:14.152555,https://example.com/news/jnj-18,Leadership outlines growth plans and strategic priorities. Full analysis of JNJ's market position and outlook.,0.0,neutral,0.125,JNJ
JNJ Stock Drops Amid Market Concerns,JNJ shares fell following broader market uncertainty.,Seeking Alpha,2025-11-26 10:22:14.152451,https://example.com/news/jnj-4,JNJ shares fell following broader market uncertainty. Full analysis of JNJ's market position and outlook.,0.0,neutral,0.1,JNJ
Market Watch: JNJ Trading Volumes Surge,Trading activity in JNJ has increased significantly this week.,The Wall Street Journal,2025-11-26 06:22:14.152546,https://example.com/news/jnj-16,Trading activity in JNJ has increased significantly this week. Full analysis of JNJ's market position and outlook.,0.375,positive,0.875,JNJ
JNJ Faces Regulatory Scrutiny,Regulators are investigating JNJ's business practices.,Seeking Alpha,2025-11-25 21:22:14.152442,https://example.com/news/jnj-3,Regulators are investigating JNJ's business practices. Full analysis of JNJ's market position and outlook.,0.0,neutral,0.0,JNJ
JNJ Announces New Product Line,JNJ unveiled innovative products expected to drive future growth.,MarketWatch,2025-11-25 18:22:14.152419,https://example.com/news/jnj-1,JNJ unveiled innovative products expected to drive future growth. Full analysis of JNJ's market position and outlook.,0.1340909090909091,positive,0.4948863636363636,JNJ
Market Watch: JNJ Trading Volumes Surge,Trading activity in JNJ has increased significantly this week.,CNBC,2025-11-25 17:22:14.152467,https://example.com/news/jnj-6,Trading activity in JNJ has increased significantly this week. Full analysis of JNJ's market position and outlook.,0.375,positive,0.875,JNJ
JNJ Expands into New Markets,JNJ announces strategic expansion into emerging markets.,CNBC,2025-11-25 14:22:14.152551,https://example.com/news/jnj-17,JNJ announces strategic expansion into emerging markets. Full analysis of JNJ's market position and outlook.,0.13636363636363635,positive,0.45454545454545453,JNJ
